FCFS

ZAMAN TABLOSU
[0,000] P001 [1,000]
[1,000] IDLE [2,000]
[2,000] CS [2,001]
[2,001] P002 [4,001]
[4,001] CS [4,002]
[4,002] P003 [7,002]
[7,002] CS [7,003]
[7,003] P004 [11,003]
[11,003] CS [11,004]
[11,004] P005 [16,004]
[16,004] CS [16,005]
[16,005] P006 [22,005]
[22,005] CS [22,006]
[22,006] P007 [29,006]
[29,006] CS [29,007]
[29,007] P008 [37,007]
[37,007] CS [37,008]
[37,008] P009 [46,008]
[46,008] CS [46,009]
[46,009] P010 [56,009]
[56,009] CS [56,010]
[56,010] P011 [67,010]
[67,010] CS [67,011]
[67,011] P012 [79,011]
[79,011] CS [79,012]
[79,012] P013 [92,012]
[92,012] CS [92,013]
[92,013] P014 [106,013]
[106,013] CS [106,014]
[106,014] P015 [121,014]
[121,014] CS [121,015]
[121,015] P016 [137,015]
[137,015] CS [137,016]
[137,016] P017 [154,016]
[154,016] CS [154,017]
[154,017] P018 [172,017]
[172,017] CS [172,018]
[172,018] P019 [191,018]
[191,018] CS [191,019]
[191,019] P020 [211,019]
[211,019] CS [211,020]
[211,020] P021 [212,020]
[212,020] CS [212,021]
[212,021] P022 [214,021]
[214,021] CS [214,022]
[214,022] P023 [217,022]
[217,022] CS [217,023]
[217,023] P024 [221,023]
[221,023] CS [221,024]
[221,024] P025 [226,024]
[226,024] CS [226,025]
[226,025] P026 [232,025]
[232,025] CS [232,026]
[232,026] P027 [239,026]
[239,026] CS [239,027]
[239,027] P028 [247,027]
[247,027] CS [247,028]
[247,028] P029 [256,028]
[256,028] CS [256,029]
[256,029] P030 [266,029]
[266,029] CS [266,030]
[266,030] P031 [277,030]
[277,030] CS [277,031]
[277,031] P032 [289,031]
[289,031] CS [289,032]
[289,032] P033 [302,032]
[302,032] CS [302,033]
[302,033] P034 [316,033]
[316,033] CS [316,034]
[316,034] P035 [331,034]
[331,034] CS [331,035]
[331,035] P036 [347,035]
[347,035] CS [347,036]
[347,036] P037 [364,036]
[364,036] CS [364,037]
[364,037] P038 [382,037]
[382,037] CS [382,038]
[382,038] P039 [401,038]
[401,038] CS [401,039]
[401,039] P040 [421,039]
[421,039] CS [421,040]
[421,040] P041 [422,040]
[422,040] CS [422,041]
[422,041] P042 [424,041]
[424,041] CS [424,042]
[424,042] P043 [427,042]
[427,042] CS [427,043]
[427,043] P044 [431,043]
[431,043] CS [431,044]
[431,044] P045 [436,044]
[436,044] CS [436,045]
[436,045] P046 [442,045]
[442,045] CS [442,046]
[442,046] P047 [449,046]
[449,046] CS [449,047]
[449,047] P048 [457,047]
[457,047] CS [457,048]
[457,048] P049 [466,048]
[466,048] CS [466,049]
[466,049] P050 [476,049]
[476,049] CS [476,050]
[476,050] P051 [487,050]
[487,050] CS [487,051]
[487,051] P052 [499,051]
[499,051] CS [499,052]
[499,052] P053 [512,052]
[512,052] CS [512,053]
[512,053] P054 [526,053]
[526,053] CS [526,054]
[526,054] P055 [541,054]
[541,054] CS [541,055]
[541,055] P056 [557,055]
[557,055] CS [557,056]
[557,056] P057 [574,056]
[574,056] CS [574,057]
[574,057] P058 [592,057]
[592,057] CS [592,058]
[592,058] P059 [611,058]
[611,058] CS [611,059]
[611,059] P060 [631,059]
[631,059] CS [631,060]
[631,060] P061 [632,060]
[632,060] CS [632,061]
[632,061] P062 [634,061]
[634,061] CS [634,062]
[634,062] P063 [637,062]
[637,062] CS [637,063]
[637,063] P064 [641,063]
[641,063] CS [641,064]
[641,064] P065 [646,064]
[646,064] CS [646,065]
[646,065] P066 [652,065]
[652,065] CS [652,066]
[652,066] P067 [659,066]
[659,066] CS [659,067]
[659,067] P068 [667,067]
[667,067] CS [667,068]
[667,068] P069 [676,068]
[676,068] CS [676,069]
[676,069] P070 [686,069]
[686,069] CS [686,070]
[686,070] P071 [697,070]
[697,070] CS [697,071]
[697,071] P072 [709,071]
[709,071] CS [709,072]
[709,072] P073 [722,072]
[722,072] CS [722,073]
[722,073] P074 [736,073]
[736,073] CS [736,074]
[736,074] P075 [751,074]
[751,074] CS [751,075]
[751,075] P076 [767,075]
[767,075] CS [767,076]
[767,076] P077 [784,076]
[784,076] CS [784,077]
[784,077] P078 [802,077]
[802,077] CS [802,078]
[802,078] P079 [821,078]
[821,078] CS [821,079]
[821,079] P080 [841,079]
[841,079] CS [841,080]
[841,080] P081 [842,080]
[842,080] CS [842,081]
[842,081] P082 [844,081]
[844,081] CS [844,082]
[844,082] P083 [847,082]
[847,082] CS [847,083]
[847,083] P084 [851,083]
[851,083] CS [851,084]
[851,084] P085 [856,084]
[856,084] CS [856,085]
[856,085] P086 [862,085]
[862,085] CS [862,086]
[862,086] P087 [869,086]
[869,086] CS [869,087]
[869,087] P088 [877,087]
[877,087] CS [877,088]
[877,088] P089 [886,088]
[886,088] CS [886,089]
[886,089] P090 [896,089]
[896,089] CS [896,090]
[896,090] P091 [907,090]
[907,090] CS [907,091]
[907,091] P092 [919,091]
[919,091] CS [919,092]
[919,092] P093 [932,092]
[932,092] CS [932,093]
[932,093] P094 [946,093]
[946,093] CS [946,094]
[946,094] P095 [961,094]
[961,094] CS [961,095]
[961,095] P096 [977,095]
[977,095] CS [977,096]
[977,096] P097 [994,096]
[994,096] CS [994,097]
[994,097] P098 [1012,097]
[1012,097] CS [1012,098]
[1012,098] P099 [1031,098]
[1031,098] CS [1031,099]
[1031,099] P100 [1051,099]
[1051,099] CS [1051,100]
[1051,100] P101 [1052,100]
[1052,100] CS [1052,101]
[1052,101] P102 [1054,101]
[1054,101] CS [1054,102]
[1054,102] P103 [1057,102]
[1057,102] CS [1057,103]
[1057,103] P104 [1061,103]
[1061,103] CS [1061,104]
[1061,104] P105 [1066,104]
[1066,104] CS [1066,105]
[1066,105] P106 [1072,105]
[1072,105] CS [1072,106]
[1072,106] P107 [1079,106]
[1079,106] CS [1079,107]
[1079,107] P108 [1087,107]
[1087,107] CS [1087,108]
[1087,108] P109 [1096,108]
[1096,108] CS [1096,109]
[1096,109] P110 [1106,109]
[1106,109] CS [1106,110]
[1106,110] P111 [1117,110]
[1117,110] CS [1117,111]
[1117,111] P112 [1129,111]
[1129,111] CS [1129,112]
[1129,112] P113 [1142,112]
[1142,112] CS [1142,113]
[1142,113] P114 [1156,113]
[1156,113] CS [1156,114]
[1156,114] P115 [1171,114]
[1171,114] CS [1171,115]
[1171,115] P116 [1187,115]
[1187,115] CS [1187,116]
[1187,116] P117 [1204,116]
[1204,116] CS [1204,117]
[1204,117] P118 [1222,117]
[1222,117] CS [1222,118]
[1222,118] P119 [1241,118]
[1241,118] CS [1241,119]
[1241,119] P120 [1261,119]
[1261,119] CS [1261,120]
[1261,120] P121 [1262,120]
[1262,120] CS [1262,121]
[1262,121] P122 [1264,121]
[1264,121] CS [1264,122]
[1264,122] P123 [1267,122]
[1267,122] CS [1267,123]
[1267,123] P124 [1271,123]
[1271,123] CS [1271,124]
[1271,124] P125 [1276,124]
[1276,124] CS [1276,125]
[1276,125] P126 [1282,125]
[1282,125] CS [1282,126]
[1282,126] P127 [1289,126]
[1289,126] CS [1289,127]
[1289,127] P128 [1297,127]
[1297,127] CS [1297,128]
[1297,128] P129 [1306,128]
[1306,128] CS [1306,129]
[1306,129] P130 [1316,129]
[1316,129] CS [1316,130]
[1316,130] P131 [1327,130]
[1327,130] CS [1327,131]
[1327,131] P132 [1339,131]
[1339,131] CS [1339,132]
[1339,132] P133 [1352,132]
[1352,132] CS [1352,133]
[1352,133] P134 [1366,133]
[1366,133] CS [1366,134]
[1366,134] P135 [1381,134]
[1381,134] CS [1381,135]
[1381,135] P136 [1397,135]
[1397,135] CS [1397,136]
[1397,136] P137 [1414,136]
[1414,136] CS [1414,137]
[1414,137] P138 [1432,137]
[1432,137] CS [1432,138]
[1432,138] P139 [1451,138]
[1451,138] CS [1451,139]
[1451,139] P140 [1471,139]
[1471,139] CS [1471,140]
[1471,140] P141 [1472,140]
[1472,140] CS [1472,141]
[1472,141] P142 [1474,141]
[1474,141] CS [1474,142]
[1474,142] P143 [1477,142]
[1477,142] CS [1477,143]
[1477,143] P144 [1481,143]
[1481,143] CS [1481,144]
[1481,144] P145 [1486,144]
[1486,144] CS [1486,145]
[1486,145] P146 [1492,145]
[1492,145] CS [1492,146]
[1492,146] P147 [1499,146]
[1499,146] CS [1499,147]
[1499,147] P148 [1507,147]
[1507,147] CS [1507,148]
[1507,148] P149 [1516,148]
[1516,148] CS [1516,149]
[1516,149] P150 [1526,149]
[1526,149] CS [1526,150]
[1526,150] P151 [1537,150]
[1537,150] CS [1537,151]
[1537,151] P152 [1549,151]
[1549,151] CS [1549,152]
[1549,152] P153 [1562,152]
[1562,152] CS [1562,153]
[1562,153] P154 [1576,153]
[1576,153] CS [1576,154]
[1576,154] P155 [1591,154]
[1591,154] CS [1591,155]
[1591,155] P156 [1607,155]
[1607,155] CS [1607,156]
[1607,156] P157 [1624,156]
[1624,156] CS [1624,157]
[1624,157] P158 [1642,157]
[1642,157] CS [1642,158]
[1642,158] P159 [1661,158]
[1661,158] CS [1661,159]
[1661,159] P160 [1681,159]
[1681,159] CS [1681,160]
[1681,160] P161 [1682,160]
[1682,160] CS [1682,161]
[1682,161] P162 [1684,161]
[1684,161] CS [1684,162]
[1684,162] P163 [1687,162]
[1687,162] CS [1687,163]
[1687,163] P164 [1691,163]
[1691,163] CS [1691,164]
[1691,164] P165 [1696,164]
[1696,164] CS [1696,165]
[1696,165] P166 [1702,165]
[1702,165] CS [1702,166]
[1702,166] P167 [1709,166]
[1709,166] CS [1709,167]
[1709,167] P168 [1717,167]
[1717,167] CS [1717,168]
[1717,168] P169 [1726,168]
[1726,168] CS [1726,169]
[1726,169] P170 [1736,169]
[1736,169] CS [1736,170]
[1736,170] P171 [1747,170]
[1747,170] CS [1747,171]
[1747,171] P172 [1759,171]
[1759,171] CS [1759,172]
[1759,172] P173 [1772,172]
[1772,172] CS [1772,173]
[1772,173] P174 [1786,173]
[1786,173] CS [1786,174]
[1786,174] P175 [1801,174]
[1801,174] CS [1801,175]
[1801,175] P176 [1817,175]
[1817,175] CS [1817,176]
[1817,176] P177 [1834,176]
[1834,176] CS [1834,177]
[1834,177] P178 [1852,177]
[1852,177] CS [1852,178]
[1852,178] P179 [1871,178]
[1871,178] CS [1871,179]
[1871,179] P180 [1891,179]
[1891,179] CS [1891,180]
[1891,180] P181 [1892,180]
[1892,180] CS [1892,181]
[1892,181] P182 [1894,181]
[1894,181] CS [1894,182]
[1894,182] P183 [1897,182]
[1897,182] CS [1897,183]
[1897,183] P184 [1901,183]
[1901,183] CS [1901,184]
[1901,184] P185 [1906,184]
[1906,184] CS [1906,185]
[1906,185] P186 [1912,185]
[1912,185] CS [1912,186]
[1912,186] P187 [1919,186]
[1919,186] CS [1919,187]
[1919,187] P188 [1927,187]
[1927,187] CS [1927,188]
[1927,188] P189 [1936,188]
[1936,188] CS [1936,189]
[1936,189] P190 [1946,189]
[1946,189] CS [1946,190]
[1946,190] P191 [1957,190]
[1957,190] CS [1957,191]
[1957,191] P192 [1969,191]
[1969,191] CS [1969,192]
[1969,192] P193 [1982,192]
[1982,192] CS [1982,193]
[1982,193] P194 [1996,193]
[1996,193] CS [1996,194]
[1996,194] P195 [2011,194]
[2011,194] CS [2011,195]
[2011,195] P196 [2027,195]
[2027,195] CS [2027,196]
[2027,196] P197 [2044,196]
[2044,196] CS [2044,197]
[2044,197] P198 [2062,197]
[2062,197] CS [2062,198]
[2062,198] P199 [2081,198]
[2081,198] CS [2081,199]
[2081,199] P200 [2101,199]

BEKLEME SURESI
Ortalama: 813,594
Maksimum: 1683,199

TAMAMLANMA SURESI
Ortalama: 824,094
Maksimum: 1703,199

IS TAMAMLAMA SAYISI
T=50 -> 9
T=100 -> 13
T=150 -> 16
T=200 -> 19

CPU VERIMLILIGI
99,94%

BAGLAM DEGISTIRME
Toplam: 199
