Round Robin

ZAMAN TABLOSU
[0,000] P001 [1,000]
[1,000] IDLE [2,000]
[2,000] CS [2,001]
[2,001] P002 [4,001]
[4,001] CS [4,002]
[4,002] P003 [7,002]
[7,002] CS [7,003]
[7,003] P004 [11,003]
[11,003] CS [11,004]
[11,004] P005 [15,004]
[15,004] CS [15,005]
[15,005] P006 [19,005]
[19,005] CS [19,006]
[19,006] P007 [23,006]
[23,006] CS [23,007]
[23,007] P008 [27,007]
[27,007] CS [27,008]
[27,008] P005 [28,008]
[28,008] CS [28,009]
[28,009] P009 [32,009]
[32,009] CS [32,010]
[32,010] P010 [36,010]
[36,010] CS [36,011]
[36,011] P006 [38,011]
[38,011] CS [38,012]
[38,012] P011 [42,012]
[42,012] CS [42,013]
[42,013] P012 [46,013]
[46,013] CS [46,014]
[46,014] P007 [49,014]
[49,014] CS [49,015]
[49,015] P013 [53,015]
[53,015] CS [53,016]
[53,016] P014 [57,016]
[57,016] CS [57,017]
[57,017] P008 [61,017]
[61,017] CS [61,018]
[61,018] P015 [65,018]
[65,018] CS [65,019]
[65,019] P016 [69,019]
[69,019] CS [69,020]
[69,020] P017 [73,020]
[73,020] CS [73,021]
[73,021] P009 [77,021]
[77,021] CS [77,022]
[77,022] P018 [81,022]
[81,022] CS [81,023]
[81,023] P019 [85,023]
[85,023] CS [85,024]
[85,024] P010 [89,024]
[89,024] CS [89,025]
[89,025] P020 [93,025]
[93,025] CS [93,026]
[93,026] P021 [94,026]
[94,026] CS [94,027]
[94,027] P022 [96,027]
[96,027] CS [96,028]
[96,028] P011 [100,028]
[100,028] CS [100,029]
[100,029] P023 [103,029]
[103,029] CS [103,030]
[103,030] P024 [107,030]
[107,030] CS [107,031]
[107,031] P012 [111,031]
[111,031] CS [111,032]
[111,032] P025 [115,032]
[115,032] CS [115,033]
[115,033] P026 [119,033]
[119,033] CS [119,034]
[119,034] P027 [123,034]
[123,034] CS [123,035]
[123,035] P013 [127,035]
[127,035] CS [127,036]
[127,036] P028 [131,036]
[131,036] CS [131,037]
[131,037] P029 [135,037]
[135,037] CS [135,038]
[135,038] P014 [139,038]
[139,038] CS [139,039]
[139,039] P030 [143,039]
[143,039] CS [143,040]
[143,040] P031 [147,040]
[147,040] CS [147,041]
[147,041] P032 [151,041]
[151,041] CS [151,042]
[151,042] P033 [155,042]
[155,042] CS [155,043]
[155,043] P015 [159,043]
[159,043] CS [159,044]
[159,044] P034 [163,044]
[163,044] CS [163,045]
[163,045] P035 [167,045]
[167,045] CS [167,046]
[167,046] P016 [171,046]
[171,046] CS [171,047]
[171,047] P036 [175,047]
[175,047] CS [175,048]
[175,048] P037 [179,048]
[179,048] CS [179,049]
[179,049] P017 [183,049]
[183,049] CS [183,050]
[183,050] P038 [187,050]
[187,050] CS [187,051]
[187,051] P039 [191,051]
[191,051] CS [191,052]
[191,052] P009 [192,052]
[192,052] CS [192,053]
[192,053] P040 [196,053]
[196,053] CS [196,054]
[196,054] P041 [197,054]
[197,054] CS [197,055]
[197,055] P018 [201,055]
[201,055] CS [201,056]
[201,056] P042 [203,056]
[203,056] CS [203,057]
[203,057] P043 [206,057]
[206,057] CS [206,058]
[206,058] P019 [210,058]
[210,058] CS [210,059]
[210,059] P044 [214,059]
[214,059] CS [214,060]
[214,060] P045 [218,060]
[218,060] CS [218,061]
[218,061] P010 [220,061]
[220,061] CS [220,062]
[220,062] P046 [224,062]
[224,062] CS [224,063]
[224,063] P047 [228,063]
[228,063] CS [228,064]
[228,064] P020 [232,064]
[232,064] CS [232,065]
[232,065] P048 [236,065]
[236,065] CS [236,066]
[236,066] P049 [240,066]
[240,066] CS [240,067]
[240,067] P050 [244,067]
[244,067] CS [244,068]
[244,068] P051 [248,068]
[248,068] CS [248,069]
[248,069] P011 [251,069]
[251,069] CS [251,070]
[251,070] P052 [255,070]
[255,070] CS [255,071]
[255,071] P053 [259,071]
[259,071] CS [259,072]
[259,072] P054 [263,072]
[263,072] CS [263,073]
[263,073] P055 [267,073]
[267,073] CS [267,074]
[267,074] P056 [271,074]
[271,074] CS [271,075]
[271,075] P012 [275,075]
[275,075] CS [275,076]
[275,076] P057 [279,076]
[279,076] CS [279,077]
[279,077] P058 [283,077]
[283,077] CS [283,078]
[283,078] P025 [284,078]
[284,078] CS [284,079]
[284,079] P059 [288,079]
[288,079] CS [288,080]
[288,080] P060 [292,080]
[292,080] CS [292,081]
[292,081] P026 [294,081]
[294,081] CS [294,082]
[294,082] P061 [295,082]
[295,082] CS [295,083]
[295,083] P062 [297,083]
[297,083] CS [297,084]
[297,084] P027 [300,084]
[300,084] CS [300,085]
[300,085] P063 [303,085]
[303,085] CS [303,086]
[303,086] P064 [307,086]
[307,086] CS [307,087]
[307,087] P013 [311,087]
[311,087] CS [311,088]
[311,088] P065 [315,088]
[315,088] CS [315,089]
[315,089] P066 [319,089]
[319,089] CS [319,090]
[319,090] P028 [323,090]
[323,090] CS [323,091]
[323,091] P067 [327,091]
[327,091] CS [327,092]
[327,092] P068 [331,092]
[331,092] CS [331,093]
[331,093] P029 [335,093]
[335,093] CS [335,094]
[335,094] P069 [339,094]
[339,094] CS [339,095]
[339,095] P070 [343,095]
[343,095] CS [343,096]
[343,096] P014 [347,096]
[347,096] CS [347,097]
[347,097] P071 [351,097]
[351,097] CS [351,098]
[351,098] P072 [355,098]
[355,098] CS [355,099]
[355,099] P030 [359,099]
[359,099] CS [359,100]
[359,100] P073 [363,100]
[363,100] CS [363,101]
[363,101] P074 [367,101]
[367,101] CS [367,102]
[367,102] P031 [371,102]
[371,102] CS [371,103]
[371,103] P075 [375,103]
[375,103] CS [375,104]
[375,104] P076 [379,104]
[379,104] CS [379,105]
[379,105] P032 [383,105]
[383,105] CS [383,106]
[383,106] P077 [387,106]
[387,106] CS [387,107]
[387,107] P078 [391,107]
[391,107] CS [391,108]
[391,108] P033 [395,108]
[395,108] CS [395,109]
[395,109] P079 [399,109]
[399,109] CS [399,110]
[399,110] P080 [403,110]
[403,110] CS [403,111]
[403,111] P015 [407,111]
[407,111] CS [407,112]
[407,112] P081 [408,112]
[408,112] CS [408,113]
[408,113] P082 [410,113]
[410,113] CS [410,114]
[410,114] P034 [414,114]
[414,114] CS [414,115]
[414,115] P083 [417,115]
[417,115] CS [417,116]
[417,116] P084 [421,116]
[421,116] CS [421,117]
[421,117] P035 [425,117]
[425,117] CS [425,118]
[425,118] P085 [429,118]
[429,118] CS [429,119]
[429,119] P086 [433,119]
[433,119] CS [433,120]
[433,120] P016 [437,120]
[437,120] CS [437,121]
[437,121] P087 [441,121]
[441,121] CS [441,122]
[441,122] P088 [445,122]
[445,122] CS [445,123]
[445,123] P036 [449,123]
[449,123] CS [449,124]
[449,124] P089 [453,124]
[453,124] CS [453,125]
[453,125] P090 [457,125]
[457,125] CS [457,126]
[457,126] P037 [461,126]
[461,126] CS [461,127]
[461,127] P091 [465,127]
[465,127] CS [465,128]
[465,128] P092 [469,128]
[469,128] CS [469,129]
[469,129] P017 [473,129]
[473,129] CS [473,130]
[473,130] P093 [477,130]
[477,130] CS [477,131]
[477,131] P094 [481,131]
[481,131] CS [481,132]
[481,132] P038 [485,132]
[485,132] CS [485,133]
[485,133] P095 [489,133]
[489,133] CS [489,134]
[489,134] P096 [493,134]
[493,134] CS [493,135]
[493,135] P039 [497,135]
[497,135] CS [497,136]
[497,136] P097 [501,136]
[501,136] CS [501,137]
[501,137] P098 [505,137]
[505,137] CS [505,138]
[505,138] P099 [509,138]
[509,138] CS [509,139]
[509,139] P040 [513,139]
[513,139] CS [513,140]
[513,140] P100 [517,140]
[517,140] CS [517,141]
[517,141] P101 [518,141]
[518,141] CS [518,142]
[518,142] P018 [522,142]
[522,142] CS [522,143]
[522,143] P102 [524,143]
[524,143] CS [524,144]
[524,144] P103 [527,144]
[527,144] CS [527,145]
[527,145] P104 [531,145]
[531,145] CS [531,146]
[531,146] P105 [535,146]
[535,146] CS [535,147]
[535,147] P106 [539,147]
[539,147] CS [539,148]
[539,148] P019 [543,148]
[543,148] CS [543,149]
[543,149] P107 [547,149]
[547,149] CS [547,150]
[547,150] P108 [551,150]
[551,150] CS [551,151]
[551,151] P109 [555,151]
[555,151] CS [555,152]
[555,152] P110 [559,152]
[559,152] CS [559,153]
[559,153] P045 [560,153]
[560,153] CS [560,154]
[560,154] P111 [564,154]
[564,154] CS [564,155]
[564,155] P112 [568,155]
[568,155] CS [568,156]
[568,156] P113 [572,156]
[572,156] CS [572,157]
[572,157] P046 [574,157]
[574,157] CS [574,158]
[574,158] P114 [578,158]
[578,158] CS [578,159]
[578,159] P115 [582,159]
[582,159] CS [582,160]
[582,160] P047 [585,160]
[585,160] CS [585,161]
[585,161] P116 [589,161]
[589,161] CS [589,162]
[589,162] P117 [593,162]
[593,162] CS [593,163]
[593,163] P020 [597,163]
[597,163] CS [597,164]
[597,164] P118 [601,164]
[601,164] CS [601,165]
[601,165] P119 [605,165]
[605,165] CS [605,166]
[605,166] P048 [609,166]
[609,166] CS [609,167]
[609,167] P120 [613,167]
[613,167] CS [613,168]
[613,168] P121 [614,168]
[614,168] CS [614,169]
[614,169] P049 [618,169]
[618,169] CS [618,170]
[618,170] P122 [620,170]
[620,170] CS [620,171]
[620,171] P123 [623,171]
[623,171] CS [623,172]
[623,172] P050 [627,172]
[627,172] CS [627,173]
[627,173] P124 [631,173]
[631,173] CS [631,174]
[631,174] P125 [635,174]
[635,174] CS [635,175]
[635,175] P051 [639,175]
[639,175] CS [639,176]
[639,176] P126 [643,176]
[643,176] CS [643,177]
[643,177] P127 [647,177]
[647,177] CS [647,178]
[647,178] P128 [651,178]
[651,178] CS [651,179]
[651,179] P052 [655,179]
[655,179] CS [655,180]
[655,180] P129 [659,180]
[659,180] CS [659,181]
[659,181] P130 [663,181]
[663,181] CS [663,182]
[663,182] P053 [667,182]
[667,182] CS [667,183]
[667,183] P131 [671,183]
[671,183] CS [671,184]
[671,184] P132 [675,184]
[675,184] CS [675,185]
[675,185] P054 [679,185]
[679,185] CS [679,186]
[679,186] P133 [683,186]
[683,186] CS [683,187]
[683,187] P134 [687,187]
[687,187] CS [687,188]
[687,188] P055 [691,188]
[691,188] CS [691,189]
[691,189] P135 [695,189]
[695,189] CS [695,190]
[695,190] P136 [699,190]
[699,190] CS [699,191]
[699,191] P056 [703,191]
[703,191] CS [703,192]
[703,192] P137 [707,192]
[707,192] CS [707,193]
[707,193] P138 [711,193]
[711,193] CS [711,194]
[711,194] P139 [715,194]
[715,194] CS [715,195]
[715,195] P140 [719,195]
[719,195] CS [719,196]
[719,196] P057 [723,196]
[723,196] CS [723,197]
[723,197] P141 [724,197]
[724,197] CS [724,198]
[724,198] P142 [726,198]
[726,198] CS [726,199]
[726,199] P058 [730,199]
[730,199] CS [730,200]
[730,200] P143 [733,200]
[733,200] CS [733,201]
[733,201] P144 [737,201]
[737,201] CS [737,202]
[737,202] P145 [741,202]
[741,202] CS [741,203]
[741,203] P059 [745,203]
[745,203] CS [745,204]
[745,204] P146 [749,204]
[749,204] CS [749,205]
[749,205] P147 [753,205]
[753,205] CS [753,206]
[753,206] P060 [757,206]
[757,206] CS [757,207]
[757,207] P148 [761,207]
[761,207] CS [761,208]
[761,208] P149 [765,208]
[765,208] CS [765,209]
[765,209] P150 [769,209]
[769,209] CS [769,210]
[769,210] P151 [773,210]
[773,210] CS [773,211]
[773,211] P152 [777,211]
[777,211] CS [777,212]
[777,212] P153 [781,212]
[781,212] CS [781,213]
[781,213] P154 [785,213]
[785,213] CS [785,214]
[785,214] P155 [789,214]
[789,214] CS [789,215]
[789,215] P156 [793,215]
[793,215] CS [793,216]
[793,216] P013 [794,216]
[794,216] CS [794,217]
[794,217] P157 [798,217]
[798,217] CS [798,218]
[798,218] P158 [802,218]
[802,218] CS [802,219]
[802,219] P065 [803,219]
[803,219] CS [803,220]
[803,220] P159 [807,220]
[807,220] CS [807,221]
[807,221] P160 [811,221]
[811,221] CS [811,222]
[811,222] P066 [813,222]
[813,222] CS [813,223]
[813,223] P161 [814,223]
[814,223] CS [814,224]
[814,224] P162 [816,224]
[816,224] CS [816,225]
[816,225] P163 [819,225]
[819,225] CS [819,226]
[819,226] P164 [823,226]
[823,226] CS [823,227]
[823,227] P067 [826,227]
[826,227] CS [826,228]
[826,228] P165 [830,228]
[830,228] CS [830,229]
[830,229] P166 [834,229]
[834,229] CS [834,230]
[834,230] P068 [838,230]
[838,230] CS [838,231]
[838,231] P167 [842,231]
[842,231] CS [842,232]
[842,232] P168 [846,232]
[846,232] CS [846,233]
[846,233] P029 [847,233]
[847,233] CS [847,234]
[847,234] P169 [851,234]
[851,234] CS [851,235]
[851,235] P170 [855,235]
[855,235] CS [855,236]
[855,236] P069 [859,236]
[859,236] CS [859,237]
[859,237] P171 [863,237]
[863,237] CS [863,238]
[863,238] P172 [867,238]
[867,238] CS [867,239]
[867,239] P070 [871,239]
[871,239] CS [871,240]
[871,240] P173 [875,240]
[875,240] CS [875,241]
[875,241] P174 [879,241]
[879,241] CS [879,242]
[879,242] P014 [881,242]
[881,242] CS [881,243]
[881,243] P175 [885,243]
[885,243] CS [885,244]
[885,244] P176 [889,244]
[889,244] CS [889,245]
[889,245] P071 [893,245]
[893,245] CS [893,246]
[893,246] P177 [897,246]
[897,246] CS [897,247]
[897,247] P178 [901,247]
[901,247] CS [901,248]
[901,248] P072 [905,248]
[905,248] CS [905,249]
[905,249] P179 [909,249]
[909,249] CS [909,250]
[909,250] P180 [913,250]
[913,250] CS [913,251]
[913,251] P030 [915,251]
[915,251] CS [915,252]
[915,252] P181 [916,252]
[916,252] CS [916,253]
[916,253] P182 [918,253]
[918,253] CS [918,254]
[918,254] P073 [922,254]
[922,254] CS [922,255]
[922,255] P183 [925,255]
[925,255] CS [925,256]
[925,256] P184 [929,256]
[929,256] CS [929,257]
[929,257] P074 [933,257]
[933,257] CS [933,258]
[933,258] P185 [937,258]
[937,258] CS [937,259]
[937,259] P186 [941,259]
[941,259] CS [941,260]
[941,260] P031 [944,260]
[944,260] CS [944,261]
[944,261] P187 [948,261]
[948,261] CS [948,262]
[948,262] P188 [952,262]
[952,262] CS [952,263]
[952,263] P075 [956,263]
[956,263] CS [956,264]
[956,264] P189 [960,264]
[960,264] CS [960,265]
[960,265] P190 [964,265]
[964,265] CS [964,266]
[964,266] P076 [968,266]
[968,266] CS [968,267]
[968,267] P191 [972,267]
[972,267] CS [972,268]
[972,268] P192 [976,268]
[976,268] CS [976,269]
[976,269] P032 [980,269]
[980,269] CS [980,270]
[980,270] P193 [984,270]
[984,270] CS [984,271]
[984,271] P194 [988,271]
[988,271] CS [988,272]
[988,272] P077 [992,272]
[992,272] CS [992,273]
[992,273] P195 [996,273]
[996,273] CS [996,274]
[996,274] P196 [1000,274]
[1000,274] CS [1000,275]
[1000,275] P078 [1004,275]
[1004,275] CS [1004,276]
[1004,276] P197 [1008,276]
[1008,276] CS [1008,277]
[1008,277] P198 [1012,277]
[1012,277] CS [1012,278]
[1012,278] P033 [1016,278]
[1016,278] CS [1016,279]
[1016,279] P199 [1020,279]
[1020,279] CS [1020,280]
[1020,280] P200 [1024,280]
[1024,280] CS [1024,281]
[1024,281] P079 [1028,281]
[1028,281] CS [1028,282]
[1028,282] P080 [1032,282]
[1032,282] CS [1032,283]
[1032,283] P015 [1035,283]
[1035,283] CS [1035,284]
[1035,284] P034 [1039,284]
[1039,284] CS [1039,285]
[1039,285] P035 [1043,285]
[1043,285] CS [1043,286]
[1043,286] P085 [1044,286]
[1044,286] CS [1044,287]
[1044,287] P086 [1046,287]
[1046,287] CS [1046,288]
[1046,288] P016 [1050,288]
[1050,288] CS [1050,289]
[1050,289] P087 [1053,289]
[1053,289] CS [1053,290]
[1053,290] P088 [1057,290]
[1057,290] CS [1057,291]
[1057,291] P036 [1061,291]
[1061,291] CS [1061,292]
[1061,292] P089 [1065,292]
[1065,292] CS [1065,293]
[1065,293] P090 [1069,293]
[1069,293] CS [1069,294]
[1069,294] P037 [1073,294]
[1073,294] CS [1073,295]
[1073,295] P091 [1077,295]
[1077,295] CS [1077,296]
[1077,296] P092 [1081,296]
[1081,296] CS [1081,297]
[1081,297] P017 [1085,297]
[1085,297] CS [1085,298]
[1085,298] P093 [1089,298]
[1089,298] CS [1089,299]
[1089,299] P094 [1093,299]
[1093,299] CS [1093,300]
[1093,300] P038 [1097,300]
[1097,300] CS [1097,301]
[1097,301] P095 [1101,301]
[1101,301] CS [1101,302]
[1101,302] P096 [1105,302]
[1105,302] CS [1105,303]
[1105,303] P039 [1109,303]
[1109,303] CS [1109,304]
[1109,304] P097 [1113,304]
[1113,304] CS [1113,305]
[1113,305] P098 [1117,305]
[1117,305] CS [1117,306]
[1117,306] P099 [1121,306]
[1121,306] CS [1121,307]
[1121,307] P040 [1125,307]
[1125,307] CS [1125,308]
[1125,308] P100 [1129,308]
[1129,308] CS [1129,309]
[1129,309] P018 [1133,309]
[1133,309] CS [1133,310]
[1133,310] P105 [1134,310]
[1134,310] CS [1134,311]
[1134,311] P106 [1136,311]
[1136,311] CS [1136,312]
[1136,312] P019 [1140,312]
[1140,312] CS [1140,313]
[1140,313] P107 [1143,313]
[1143,313] CS [1143,314]
[1143,314] P108 [1147,314]
[1147,314] CS [1147,315]
[1147,315] P109 [1151,315]
[1151,315] CS [1151,316]
[1151,316] P110 [1155,316]
[1155,316] CS [1155,317]
[1155,317] P111 [1159,317]
[1159,317] CS [1159,318]
[1159,318] P112 [1163,318]
[1163,318] CS [1163,319]
[1163,319] P113 [1167,319]
[1167,319] CS [1167,320]
[1167,320] P114 [1171,320]
[1171,320] CS [1171,321]
[1171,321] P115 [1175,321]
[1175,321] CS [1175,322]
[1175,322] P116 [1179,322]
[1179,322] CS [1179,323]
[1179,323] P117 [1183,323]
[1183,323] CS [1183,324]
[1183,324] P020 [1187,324]
[1187,324] CS [1187,325]
[1187,325] P118 [1191,325]
[1191,325] CS [1191,326]
[1191,326] P119 [1195,326]
[1195,326] CS [1195,327]
[1195,327] P120 [1199,327]
[1199,327] CS [1199,328]
[1199,328] P049 [1200,328]
[1200,328] CS [1200,329]
[1200,329] P050 [1202,329]
[1202,329] CS [1202,330]
[1202,330] P125 [1203,330]
[1203,330] CS [1203,331]
[1203,331] P051 [1206,331]
[1206,331] CS [1206,332]
[1206,332] P126 [1208,332]
[1208,332] CS [1208,333]
[1208,333] P127 [1211,333]
[1211,333] CS [1211,334]
[1211,334] P128 [1215,334]
[1215,334] CS [1215,335]
[1215,335] P052 [1219,335]
[1219,335] CS [1219,336]
[1219,336] P129 [1223,336]
[1223,336] CS [1223,337]
[1223,337] P130 [1227,337]
[1227,337] CS [1227,338]
[1227,338] P053 [1231,338]
[1231,338] CS [1231,339]
[1231,339] P131 [1235,339]
[1235,339] CS [1235,340]
[1235,340] P132 [1239,340]
[1239,340] CS [1239,341]
[1239,341] P054 [1243,341]
[1243,341] CS [1243,342]
[1243,342] P133 [1247,342]
[1247,342] CS [1247,343]
[1247,343] P134 [1251,343]
[1251,343] CS [1251,344]
[1251,344] P055 [1255,344]
[1255,344] CS [1255,345]
[1255,345] P135 [1259,345]
[1259,345] CS [1259,346]
[1259,346] P136 [1263,346]
[1263,346] CS [1263,347]
[1263,347] P056 [1267,347]
[1267,347] CS [1267,348]
[1267,348] P137 [1271,348]
[1271,348] CS [1271,349]
[1271,349] P138 [1275,349]
[1275,349] CS [1275,350]
[1275,350] P139 [1279,350]
[1279,350] CS [1279,351]
[1279,351] P140 [1283,351]
[1283,351] CS [1283,352]
[1283,352] P057 [1287,352]
[1287,352] CS [1287,353]
[1287,353] P058 [1291,353]
[1291,353] CS [1291,354]
[1291,354] P145 [1292,354]
[1292,354] CS [1292,355]
[1292,355] P059 [1296,355]
[1296,355] CS [1296,356]
[1296,356] P146 [1298,356]
[1298,356] CS [1298,357]
[1298,357] P147 [1301,357]
[1301,357] CS [1301,358]
[1301,358] P060 [1305,358]
[1305,358] CS [1305,359]
[1305,359] P148 [1309,359]
[1309,359] CS [1309,360]
[1309,360] P149 [1313,360]
[1313,360] CS [1313,361]
[1313,361] P150 [1317,361]
[1317,361] CS [1317,362]
[1317,362] P151 [1321,362]
[1321,362] CS [1321,363]
[1321,363] P152 [1325,363]
[1325,363] CS [1325,364]
[1325,364] P153 [1329,364]
[1329,364] CS [1329,365]
[1329,365] P154 [1333,365]
[1333,365] CS [1333,366]
[1333,366] P155 [1337,366]
[1337,366] CS [1337,367]
[1337,367] P156 [1341,367]
[1341,367] CS [1341,368]
[1341,368] P157 [1345,368]
[1345,368] CS [1345,369]
[1345,369] P158 [1349,369]
[1349,369] CS [1349,370]
[1349,370] P159 [1353,370]
[1353,370] CS [1353,371]
[1353,371] P160 [1357,371]
[1357,371] CS [1357,372]
[1357,372] P165 [1358,372]
[1358,372] CS [1358,373]
[1358,373] P166 [1360,373]
[1360,373] CS [1360,374]
[1360,374] P167 [1363,374]
[1363,374] CS [1363,375]
[1363,375] P168 [1367,375]
[1367,375] CS [1367,376]
[1367,376] P169 [1371,376]
[1371,376] CS [1371,377]
[1371,377] P170 [1375,377]
[1375,377] CS [1375,378]
[1375,378] P069 [1376,378]
[1376,378] CS [1376,379]
[1376,379] P171 [1380,379]
[1380,379] CS [1380,380]
[1380,380] P172 [1384,380]
[1384,380] CS [1384,381]
[1384,381] P070 [1386,381]
[1386,381] CS [1386,382]
[1386,382] P173 [1390,382]
[1390,382] CS [1390,383]
[1390,383] P174 [1394,383]
[1394,383] CS [1394,384]
[1394,384] P175 [1398,384]
[1398,384] CS [1398,385]
[1398,385] P176 [1402,385]
[1402,385] CS [1402,386]
[1402,386] P071 [1405,386]
[1405,386] CS [1405,387]
[1405,387] P177 [1409,387]
[1409,387] CS [1409,388]
[1409,388] P178 [1413,388]
[1413,388] CS [1413,389]
[1413,389] P072 [1417,389]
[1417,389] CS [1417,390]
[1417,390] P179 [1421,390]
[1421,390] CS [1421,391]
[1421,391] P180 [1425,391]
[1425,391] CS [1425,392]
[1425,392] P073 [1429,392]
[1429,392] CS [1429,393]
[1429,393] P074 [1433,393]
[1433,393] CS [1433,394]
[1433,394] P185 [1434,394]
[1434,394] CS [1434,395]
[1434,395] P186 [1436,395]
[1436,395] CS [1436,396]
[1436,396] P187 [1439,396]
[1439,396] CS [1439,397]
[1439,397] P188 [1443,397]
[1443,397] CS [1443,398]
[1443,398] P075 [1447,398]
[1447,398] CS [1447,399]
[1447,399] P189 [1451,399]
[1451,399] CS [1451,400]
[1451,400] P190 [1455,400]
[1455,400] CS [1455,401]
[1455,401] P076 [1459,401]
[1459,401] CS [1459,402]
[1459,402] P191 [1463,402]
[1463,402] CS [1463,403]
[1463,403] P192 [1467,403]
[1467,403] CS [1467,404]
[1467,404] P193 [1471,404]
[1471,404] CS [1471,405]
[1471,405] P194 [1475,405]
[1475,405] CS [1475,406]
[1475,406] P077 [1479,406]
[1479,406] CS [1479,407]
[1479,407] P195 [1483,407]
[1483,407] CS [1483,408]
[1483,408] P196 [1487,408]
[1487,408] CS [1487,409]
[1487,409] P078 [1491,409]
[1491,409] CS [1491,410]
[1491,410] P197 [1495,410]
[1495,410] CS [1495,411]
[1495,411] P198 [1499,411]
[1499,411] CS [1499,412]
[1499,412] P033 [1500,412]
[1500,412] CS [1500,413]
[1500,413] P199 [1504,413]
[1504,413] CS [1504,414]
[1504,414] P200 [1508,414]
[1508,414] CS [1508,415]
[1508,415] P079 [1512,415]
[1512,415] CS [1512,416]
[1512,416] P080 [1516,416]
[1516,416] CS [1516,417]
[1516,417] P034 [1518,417]
[1518,417] CS [1518,418]
[1518,418] P035 [1521,418]
[1521,418] CS [1521,419]
[1521,419] P036 [1525,419]
[1525,419] CS [1525,420]
[1525,420] P089 [1526,420]
[1526,420] CS [1526,421]
[1526,421] P090 [1528,421]
[1528,421] CS [1528,422]
[1528,422] P037 [1532,422]
[1532,422] CS [1532,423]
[1532,423] P091 [1535,423]
[1535,423] CS [1535,424]
[1535,424] P092 [1539,424]
[1539,424] CS [1539,425]
[1539,425] P017 [1540,425]
[1540,425] CS [1540,426]
[1540,426] P093 [1544,426]
[1544,426] CS [1544,427]
[1544,427] P094 [1548,427]
[1548,427] CS [1548,428]
[1548,428] P038 [1552,428]
[1552,428] CS [1552,429]
[1552,429] P095 [1556,429]
[1556,429] CS [1556,430]
[1556,430] P096 [1560,430]
[1560,430] CS [1560,431]
[1560,431] P039 [1564,431]
[1564,431] CS [1564,432]
[1564,432] P097 [1568,432]
[1568,432] CS [1568,433]
[1568,433] P098 [1572,433]
[1572,433] CS [1572,434]
[1572,434] P099 [1576,434]
[1576,434] CS [1576,435]
[1576,435] P040 [1580,435]
[1580,435] CS [1580,436]
[1580,436] P100 [1584,436]
[1584,436] CS [1584,437]
[1584,437] P018 [1586,437]
[1586,437] CS [1586,438]
[1586,438] P019 [1589,438]
[1589,438] CS [1589,439]
[1589,439] P109 [1590,439]
[1590,439] CS [1590,440]
[1590,440] P110 [1592,440]
[1592,440] CS [1592,441]
[1592,441] P111 [1595,441]
[1595,441] CS [1595,442]
[1595,442] P112 [1599,442]
[1599,442] CS [1599,443]
[1599,443] P113 [1603,443]
[1603,443] CS [1603,444]
[1603,444] P114 [1607,444]
[1607,444] CS [1607,445]
[1607,445] P115 [1611,445]
[1611,445] CS [1611,446]
[1611,446] P116 [1615,446]
[1615,446] CS [1615,447]
[1615,447] P117 [1619,447]
[1619,447] CS [1619,448]
[1619,448] P020 [1623,448]
[1623,448] CS [1623,449]
[1623,449] P118 [1627,449]
[1627,449] CS [1627,450]
[1627,450] P119 [1631,450]
[1631,450] CS [1631,451]
[1631,451] P120 [1635,451]
[1635,451] CS [1635,452]
[1635,452] P129 [1636,452]
[1636,452] CS [1636,453]
[1636,453] P130 [1638,453]
[1638,453] CS [1638,454]
[1638,454] P053 [1639,454]
[1639,454] CS [1639,455]
[1639,455] P131 [1642,455]
[1642,455] CS [1642,456]
[1642,456] P132 [1646,456]
[1646,456] CS [1646,457]
[1646,457] P054 [1648,457]
[1648,457] CS [1648,458]
[1648,458] P133 [1652,458]
[1652,458] CS [1652,459]
[1652,459] P134 [1656,459]
[1656,459] CS [1656,460]
[1656,460] P055 [1659,460]
[1659,460] CS [1659,461]
[1659,461] P135 [1663,461]
[1663,461] CS [1663,462]
[1663,462] P136 [1667,462]
[1667,462] CS [1667,463]
[1667,463] P056 [1671,463]
[1671,463] CS [1671,464]
[1671,464] P137 [1675,464]
[1675,464] CS [1675,465]
[1675,465] P138 [1679,465]
[1679,465] CS [1679,466]
[1679,466] P139 [1683,466]
[1683,466] CS [1683,467]
[1683,467] P140 [1687,467]
[1687,467] CS [1687,468]
[1687,468] P057 [1691,468]
[1691,468] CS [1691,469]
[1691,469] P058 [1695,469]
[1695,469] CS [1695,470]
[1695,470] P059 [1699,470]
[1699,470] CS [1699,471]
[1699,471] P060 [1703,471]
[1703,471] CS [1703,472]
[1703,472] P149 [1704,472]
[1704,472] CS [1704,473]
[1704,473] P150 [1706,473]
[1706,473] CS [1706,474]
[1706,474] P151 [1709,474]
[1709,474] CS [1709,475]
[1709,475] P152 [1713,475]
[1713,475] CS [1713,476]
[1713,476] P153 [1717,476]
[1717,476] CS [1717,477]
[1717,477] P154 [1721,477]
[1721,477] CS [1721,478]
[1721,478] P155 [1725,478]
[1725,478] CS [1725,479]
[1725,479] P156 [1729,479]
[1729,479] CS [1729,480]
[1729,480] P157 [1733,480]
[1733,480] CS [1733,481]
[1733,481] P158 [1737,481]
[1737,481] CS [1737,482]
[1737,482] P159 [1741,482]
[1741,482] CS [1741,483]
[1741,483] P160 [1745,483]
[1745,483] CS [1745,484]
[1745,484] P169 [1746,484]
[1746,484] CS [1746,485]
[1746,485] P170 [1748,485]
[1748,485] CS [1748,486]
[1748,486] P171 [1751,486]
[1751,486] CS [1751,487]
[1751,487] P172 [1755,487]
[1755,487] CS [1755,488]
[1755,488] P173 [1759,488]
[1759,488] CS [1759,489]
[1759,489] P174 [1763,489]
[1763,489] CS [1763,490]
[1763,490] P175 [1767,490]
[1767,490] CS [1767,491]
[1767,491] P176 [1771,491]
[1771,491] CS [1771,492]
[1771,492] P177 [1775,492]
[1775,492] CS [1775,493]
[1775,493] P178 [1779,493]
[1779,493] CS [1779,494]
[1779,494] P179 [1783,494]
[1783,494] CS [1783,495]
[1783,495] P180 [1787,495]
[1787,495] CS [1787,496]
[1787,496] P073 [1788,496]
[1788,496] CS [1788,497]
[1788,497] P074 [1790,497]
[1790,497] CS [1790,498]
[1790,498] P075 [1793,498]
[1793,498] CS [1793,499]
[1793,499] P189 [1794,499]
[1794,499] CS [1794,500]
[1794,500] P190 [1796,500]
[1796,500] CS [1796,501]
[1796,501] P076 [1800,501]
[1800,501] CS [1800,502]
[1800,502] P191 [1803,502]
[1803,502] CS [1803,503]
[1803,503] P192 [1807,503]
[1807,503] CS [1807,504]
[1807,504] P193 [1811,504]
[1811,504] CS [1811,505]
[1811,505] P194 [1815,505]
[1815,505] CS [1815,506]
[1815,506] P077 [1819,506]
[1819,506] CS [1819,507]
[1819,507] P195 [1823,507]
[1823,507] CS [1823,508]
[1823,508] P196 [1827,508]
[1827,508] CS [1827,509]
[1827,509] P078 [1831,509]
[1831,509] CS [1831,510]
[1831,510] P197 [1835,510]
[1835,510] CS [1835,511]
[1835,511] P198 [1839,511]
[1839,511] CS [1839,512]
[1839,512] P199 [1843,512]
[1843,512] CS [1843,513]
[1843,513] P200 [1847,513]
[1847,513] CS [1847,514]
[1847,514] P079 [1851,514]
[1851,514] CS [1851,515]
[1851,515] P080 [1855,515]
[1855,515] CS [1855,516]
[1855,516] P037 [1856,516]
[1856,516] CS [1856,517]
[1856,517] P093 [1857,517]
[1857,517] CS [1857,518]
[1857,518] P094 [1859,518]
[1859,518] CS [1859,519]
[1859,519] P038 [1861,519]
[1861,519] CS [1861,520]
[1861,520] P095 [1864,520]
[1864,520] CS [1864,521]
[1864,521] P096 [1868,521]
[1868,521] CS [1868,522]
[1868,522] P039 [1871,522]
[1871,522] CS [1871,523]
[1871,523] P097 [1875,523]
[1875,523] CS [1875,524]
[1875,524] P098 [1879,524]
[1879,524] CS [1879,525]
[1879,525] P099 [1883,525]
[1883,525] CS [1883,526]
[1883,526] P040 [1887,526]
[1887,526] CS [1887,527]
[1887,527] P100 [1891,527]
[1891,527] CS [1891,528]
[1891,528] P113 [1892,528]
[1892,528] CS [1892,529]
[1892,529] P114 [1894,529]
[1894,529] CS [1894,530]
[1894,530] P115 [1897,530]
[1897,530] CS [1897,531]
[1897,531] P116 [1901,531]
[1901,531] CS [1901,532]
[1901,532] P117 [1905,532]
[1905,532] CS [1905,533]
[1905,533] P118 [1909,533]
[1909,533] CS [1909,534]
[1909,534] P119 [1913,534]
[1913,534] CS [1913,535]
[1913,535] P120 [1917,535]
[1917,535] CS [1917,536]
[1917,536] P133 [1918,536]
[1918,536] CS [1918,537]
[1918,537] P134 [1920,537]
[1920,537] CS [1920,538]
[1920,538] P135 [1923,538]
[1923,538] CS [1923,539]
[1923,539] P136 [1927,539]
[1927,539] CS [1927,540]
[1927,540] P137 [1931,540]
[1931,540] CS [1931,541]
[1931,541] P138 [1935,541]
[1935,541] CS [1935,542]
[1935,542] P139 [1939,542]
[1939,542] CS [1939,543]
[1939,543] P140 [1943,543]
[1943,543] CS [1943,544]
[1943,544] P057 [1944,544]
[1944,544] CS [1944,545]
[1944,545] P058 [1946,545]
[1946,545] CS [1946,546]
[1946,546] P059 [1949,546]
[1949,546] CS [1949,547]
[1949,547] P060 [1953,547]
[1953,547] CS [1953,548]
[1953,548] P153 [1954,548]
[1954,548] CS [1954,549]
[1954,549] P154 [1956,549]
[1956,549] CS [1956,550]
[1956,550] P155 [1959,550]
[1959,550] CS [1959,551]
[1959,551] P156 [1963,551]
[1963,551] CS [1963,552]
[1963,552] P157 [1967,552]
[1967,552] CS [1967,553]
[1967,553] P158 [1971,553]
[1971,553] CS [1971,554]
[1971,554] P159 [1975,554]
[1975,554] CS [1975,555]
[1975,555] P160 [1979,555]
[1979,555] CS [1979,556]
[1979,556] P173 [1980,556]
[1980,556] CS [1980,557]
[1980,557] P174 [1982,557]
[1982,557] CS [1982,558]
[1982,558] P175 [1985,558]
[1985,558] CS [1985,559]
[1985,559] P176 [1989,559]
[1989,559] CS [1989,560]
[1989,560] P177 [1993,560]
[1993,560] CS [1993,561]
[1993,561] P178 [1997,561]
[1997,561] CS [1997,562]
[1997,562] P179 [2001,562]
[2001,562] CS [2001,563]
[2001,563] P180 [2005,563]
[2005,563] CS [2005,564]
[2005,564] P193 [2006,564]
[2006,564] CS [2006,565]
[2006,565] P194 [2008,565]
[2008,565] CS [2008,566]
[2008,566] P077 [2009,566]
[2009,566] CS [2009,567]
[2009,567] P195 [2012,567]
[2012,567] CS [2012,568]
[2012,568] P196 [2016,568]
[2016,568] CS [2016,569]
[2016,569] P078 [2018,569]
[2018,569] CS [2018,570]
[2018,570] P197 [2022,570]
[2022,570] CS [2022,571]
[2022,571] P198 [2026,571]
[2026,571] CS [2026,572]
[2026,572] P199 [2030,572]
[2030,572] CS [2030,573]
[2030,573] P200 [2034,573]
[2034,573] CS [2034,574]
[2034,574] P079 [2037,574]
[2037,574] CS [2037,575]
[2037,575] P080 [2041,575]
[2041,575] CS [2041,576]
[2041,576] P097 [2042,576]
[2042,576] CS [2042,577]
[2042,577] P098 [2044,577]
[2044,577] CS [2044,578]
[2044,578] P099 [2047,578]
[2047,578] CS [2047,579]
[2047,579] P100 [2051,579]
[2051,579] CS [2051,580]
[2051,580] P117 [2052,580]
[2052,580] CS [2052,581]
[2052,581] P118 [2054,581]
[2054,581] CS [2054,582]
[2054,582] P119 [2057,582]
[2057,582] CS [2057,583]
[2057,583] P120 [2061,583]
[2061,583] CS [2061,584]
[2061,584] P137 [2062,584]
[2062,584] CS [2062,585]
[2062,585] P138 [2064,585]
[2064,585] CS [2064,586]
[2064,586] P139 [2067,586]
[2067,586] CS [2067,587]
[2067,587] P140 [2071,587]
[2071,587] CS [2071,588]
[2071,588] P157 [2072,588]
[2072,588] CS [2072,589]
[2072,589] P158 [2074,589]
[2074,589] CS [2074,590]
[2074,590] P159 [2077,590]
[2077,590] CS [2077,591]
[2077,591] P160 [2081,591]
[2081,591] CS [2081,592]
[2081,592] P177 [2082,592]
[2082,592] CS [2082,593]
[2082,593] P178 [2084,593]
[2084,593] CS [2084,594]
[2084,594] P179 [2087,594]
[2087,594] CS [2087,595]
[2087,595] P180 [2091,595]
[2091,595] CS [2091,596]
[2091,596] P197 [2092,596]
[2092,596] CS [2092,597]
[2092,597] P198 [2094,597]
[2094,597] CS [2094,598]
[2094,598] P199 [2097,598]
[2097,598] CS [2097,599]
[2097,599] P200 [2101,599]

BEKLEME SURESI
Ortalama: 1092,062
Maksimum: 1863,575

TAMAMLANMA SURESI
Ortalama: 1102,562
Maksimum: 1883,575

IS TAMAMLAMA SAYISI
T=50 -> 7
T=100 -> 10
T=150 -> 12
T=200 -> 14

CPU VERIMLILIGI
99,92%

BAGLAM DEGISTIRME
Toplam: 599
