Round Robin

ZAMAN TABLOSU
[0,000] P001 [4,000]
[4,000] CS [4,001]
[4,001] P002 [8,001]
[8,001] CS [8,002]
[8,002] P003 [12,002]
[12,002] CS [12,003]
[12,003] P004 [16,003]
[16,003] CS [16,004]
[16,004] P005 [20,004]
[20,004] CS [20,005]
[20,005] P002 [23,005]
[23,005] CS [23,006]
[23,006] P006 [27,006]
[27,006] CS [27,007]
[27,007] P007 [29,007]
[29,007] CS [29,008]
[29,008] P003 [33,008]
[33,008] CS [33,009]
[33,009] P008 [37,009]
[37,009] CS [37,010]
[37,010] P009 [41,010]
[41,010] CS [41,011]
[41,011] P004 [45,011]
[45,011] CS [45,012]
[45,012] P010 [49,012]
[49,012] CS [49,013]
[49,013] P011 [53,013]
[53,013] CS [53,014]
[53,014] P005 [57,014]
[57,014] CS [57,015]
[57,015] P012 [61,015]
[61,015] CS [61,016]
[61,016] P013 [65,016]
[65,016] CS [65,017]
[65,017] P014 [68,017]
[68,017] CS [68,018]
[68,018] P006 [72,018]
[72,018] CS [72,019]
[72,019] P015 [76,019]
[76,019] CS [76,020]
[76,020] P016 [80,020]
[80,020] CS [80,021]
[80,021] P017 [84,021]
[84,021] CS [84,022]
[84,022] P003 [86,022]
[86,022] CS [86,023]
[86,023] P018 [90,023]
[90,023] CS [90,024]
[90,024] P019 [94,024]
[94,024] CS [94,025]
[94,025] P008 [95,025]
[95,025] CS [95,026]
[95,026] P020 [96,026]
[96,026] CS [96,027]
[96,027] P021 [100,027]
[100,027] CS [100,028]
[100,028] P009 [104,028]
[104,028] CS [104,029]
[104,029] P022 [108,029]
[108,029] CS [108,030]
[108,030] P023 [112,030]
[112,030] CS [112,031]
[112,031] P004 [116,031]
[116,031] CS [116,032]
[116,032] P024 [120,032]
[120,032] CS [120,033]
[120,033] P025 [124,033]
[124,033] CS [124,034]
[124,034] P010 [128,034]
[128,034] CS [128,035]
[128,035] P026 [132,035]
[132,035] CS [132,036]
[132,036] P027 [134,036]
[134,036] CS [134,037]
[134,037] P011 [138,037]
[138,037] CS [138,038]
[138,038] P028 [142,038]
[142,038] CS [142,039]
[142,039] P029 [146,039]
[146,039] CS [146,040]
[146,040] P005 [150,040]
[150,040] CS [150,041]
[150,041] P030 [154,041]
[154,041] CS [154,042]
[154,042] P031 [158,042]
[158,042] CS [158,043]
[158,043] P012 [162,043]
[162,043] CS [162,044]
[162,044] P032 [166,044]
[166,044] CS [166,045]
[166,045] P033 [170,045]
[170,045] CS [170,046]
[170,046] P013 [174,046]
[174,046] CS [174,047]
[174,047] P034 [177,047]
[177,047] CS [177,048]
[177,048] P035 [181,048]
[181,048] CS [181,049]
[181,049] P036 [185,049]
[185,049] CS [185,050]
[185,050] P037 [189,050]
[189,050] CS [189,051]
[189,051] P006 [193,051]
[193,051] CS [193,052]
[193,052] P038 [197,052]
[197,052] CS [197,053]
[197,053] P039 [201,053]
[201,053] CS [201,054]
[201,054] P015 [203,054]
[203,054] CS [203,055]
[203,055] P040 [204,055]
[204,055] CS [204,056]
[204,056] P041 [208,056]
[208,056] CS [208,057]
[208,057] P016 [212,057]
[212,057] CS [212,058]
[212,058] P042 [216,058]
[216,058] CS [216,059]
[216,059] P043 [220,059]
[220,059] CS [220,060]
[220,060] P017 [224,060]
[224,060] CS [224,061]
[224,061] P044 [228,061]
[228,061] CS [228,062]
[228,062] P045 [232,062]
[232,062] CS [232,063]
[232,063] P046 [236,063]
[236,063] CS [236,064]
[236,064] P018 [240,064]
[240,064] CS [240,065]
[240,065] P047 [242,065]
[242,065] CS [242,066]
[242,066] P048 [246,066]
[246,066] CS [246,067]
[246,067] P019 [250,067]
[250,067] CS [250,068]
[250,068] P049 [254,068]
[254,068] CS [254,069]
[254,069] P050 [258,069]
[258,069] CS [258,070]
[258,070] P051 [262,070]
[262,070] CS [262,071]
[262,071] P052 [266,071]
[266,071] CS [266,072]
[266,072] P053 [270,072]
[270,072] CS [270,073]
[270,073] P054 [273,073]
[273,073] CS [273,074]
[273,074] P055 [277,074]
[277,074] CS [277,075]
[277,075] P022 [280,075]
[280,075] CS [280,076]
[280,076] P056 [284,076]
[284,076] CS [284,077]
[284,077] P057 [288,077]
[288,077] CS [288,078]
[288,078] P023 [292,078]
[292,078] CS [292,079]
[292,079] P058 [296,079]
[296,079] CS [296,080]
[296,080] P059 [300,080]
[300,080] CS [300,081]
[300,081] P004 [301,081]
[301,081] CS [301,082]
[301,082] P060 [302,082]
[302,082] CS [302,083]
[302,083] P061 [306,083]
[306,083] CS [306,084]
[306,084] P024 [310,084]
[310,084] CS [310,085]
[310,085] P062 [314,085]
[314,085] CS [314,086]
[314,086] P063 [318,086]
[318,086] CS [318,087]
[318,087] P025 [322,087]
[322,087] CS [322,088]
[322,088] P064 [326,088]
[326,088] CS [326,089]
[326,089] P065 [330,089]
[330,089] CS [330,090]
[330,090] P010 [333,090]
[333,090] CS [333,091]
[333,091] P066 [337,091]
[337,091] CS [337,092]
[337,092] P067 [339,092]
[339,092] CS [339,093]
[339,093] P026 [343,093]
[343,093] CS [343,094]
[343,094] P068 [347,094]
[347,094] CS [347,095]
[347,095] P069 [351,095]
[351,095] CS [351,096]
[351,096] P070 [355,096]
[355,096] CS [355,097]
[355,097] P011 [359,097]
[359,097] CS [359,098]
[359,098] P071 [363,098]
[363,098] CS [363,099]
[363,099] P072 [367,099]
[367,099] CS [367,100]
[367,100] P028 [368,100]
[368,100] CS [368,101]
[368,101] P073 [372,101]
[372,101] CS [372,102]
[372,102] P074 [375,102]
[375,102] CS [375,103]
[375,103] P029 [379,103]
[379,103] CS [379,104]
[379,104] P075 [383,104]
[383,104] CS [383,105]
[383,105] P076 [387,105]
[387,105] CS [387,106]
[387,106] P005 [391,106]
[391,106] CS [391,107]
[391,107] P077 [395,107]
[395,107] CS [395,108]
[395,108] P078 [399,108]
[399,108] CS [399,109]
[399,109] P030 [403,109]
[403,109] CS [403,110]
[403,110] P079 [407,110]
[407,110] CS [407,111]
[407,111] P080 [408,111]
[408,111] CS [408,112]
[408,112] P031 [412,112]
[412,112] CS [412,113]
[412,113] P081 [416,113]
[416,113] CS [416,114]
[416,114] P082 [420,114]
[420,114] CS [420,115]
[420,115] P012 [424,115]
[424,115] CS [424,116]
[424,116] P083 [428,116]
[428,116] CS [428,117]
[428,117] P084 [432,117]
[432,117] CS [432,118]
[432,118] P032 [436,118]
[436,118] CS [436,119]
[436,119] P085 [440,119]
[440,119] CS [440,120]
[440,120] P086 [444,120]
[444,120] CS [444,121]
[444,121] P033 [448,121]
[448,121] CS [448,122]
[448,122] P087 [450,122]
[450,122] CS [450,123]
[450,123] P088 [454,123]
[454,123] CS [454,124]
[454,124] P013 [458,124]
[458,124] CS [458,125]
[458,125] P089 [462,125]
[462,125] CS [462,126]
[462,126] P090 [466,126]
[466,126] CS [466,127]
[466,127] P091 [470,127]
[470,127] CS [470,128]
[470,128] P035 [472,128]
[472,128] CS [472,129]
[472,129] P092 [476,129]
[476,129] CS [476,130]
[476,130] P093 [480,130]
[480,130] CS [480,131]
[480,131] P036 [484,131]
[484,131] CS [484,132]
[484,132] P094 [487,132]
[487,132] CS [487,133]
[487,133] P095 [491,133]
[491,133] CS [491,134]
[491,134] P037 [495,134]
[495,134] CS [495,135]
[495,135] P096 [499,135]
[499,135] CS [499,136]
[499,136] P097 [503,136]
[503,136] CS [503,137]
[503,137] P006 [507,137]
[507,137] CS [507,138]
[507,138] P098 [511,138]
[511,138] CS [511,139]
[511,139] P099 [515,139]
[515,139] CS [515,140]
[515,140] P038 [519,140]
[519,140] CS [519,141]
[519,141] P100 [520,141]
[520,141] CS [520,142]
[520,142] P039 [524,142]
[524,142] CS [524,143]
[524,143] P016 [525,143]
[525,143] CS [525,144]
[525,144] P042 [528,144]
[528,144] CS [528,145]
[528,145] P043 [532,145]
[532,145] CS [532,146]
[532,146] P017 [536,146]
[536,146] CS [536,147]
[536,147] P044 [540,147]
[540,147] CS [540,148]
[540,148] P045 [544,148]
[544,148] CS [544,149]
[544,149] P046 [548,149]
[548,149] CS [548,150]
[548,150] P018 [552,150]
[552,150] CS [552,151]
[552,151] P048 [553,151]
[553,151] CS [553,152]
[553,152] P019 [557,152]
[557,152] CS [557,153]
[557,153] P049 [561,153]
[561,153] CS [561,154]
[561,154] P050 [565,154]
[565,154] CS [565,155]
[565,155] P051 [569,155]
[569,155] CS [569,156]
[569,156] P052 [573,156]
[573,156] CS [573,157]
[573,157] P053 [577,157]
[577,157] CS [577,158]
[577,158] P055 [579,158]
[579,158] CS [579,159]
[579,159] P056 [583,159]
[583,159] CS [583,160]
[583,160] P057 [587,160]
[587,160] CS [587,161]
[587,161] P023 [589,161]
[589,161] CS [589,162]
[589,162] P058 [593,162]
[593,162] CS [593,163]
[593,163] P059 [597,163]
[597,163] CS [597,164]
[597,164] P024 [601,164]
[601,164] CS [601,165]
[601,165] P062 [604,165]
[604,165] CS [604,166]
[604,166] P063 [608,166]
[608,166] CS [608,167]
[608,167] P025 [612,167]
[612,167] CS [612,168]
[612,168] P064 [616,168]
[616,168] CS [616,169]
[616,169] P065 [620,169]
[620,169] CS [620,170]
[620,170] P066 [624,170]
[624,170] CS [624,171]
[624,171] P026 [628,171]
[628,171] CS [628,172]
[628,172] P068 [629,172]
[629,172] CS [629,173]
[629,173] P069 [633,173]
[633,173] CS [633,174]
[633,174] P070 [637,174]
[637,174] CS [637,175]
[637,175] P011 [639,175]
[639,175] CS [639,176]
[639,176] P071 [643,176]
[643,176] CS [643,177]
[643,177] P072 [647,177]
[647,177] CS [647,178]
[647,178] P073 [651,178]
[651,178] CS [651,179]
[651,179] P075 [653,179]
[653,179] CS [653,180]
[653,180] P076 [657,180]
[657,180] CS [657,181]
[657,181] P077 [661,181]
[661,181] CS [661,182]
[661,182] P078 [665,182]
[665,182] CS [665,183]
[665,183] P030 [668,183]
[668,183] CS [668,184]
[668,184] P079 [672,184]
[672,184] CS [672,185]
[672,185] P031 [676,185]
[676,185] CS [676,186]
[676,186] P082 [679,186]
[679,186] CS [679,187]
[679,187] P012 [683,187]
[683,187] CS [683,188]
[683,188] P083 [687,188]
[687,188] CS [687,189]
[687,189] P084 [691,189]
[691,189] CS [691,190]
[691,190] P032 [695,190]
[695,190] CS [695,191]
[695,191] P085 [699,191]
[699,191] CS [699,192]
[699,192] P086 [703,192]
[703,192] CS [703,193]
[703,193] P033 [707,193]
[707,193] CS [707,194]
[707,194] P088 [708,194]
[708,194] CS [708,195]
[708,195] P013 [712,195]
[712,195] CS [712,196]
[712,196] P089 [716,196]
[716,196] CS [716,197]
[716,197] P090 [720,197]
[720,197] CS [720,198]
[720,198] P091 [724,198]
[724,198] CS [724,199]
[724,199] P092 [728,199]
[728,199] CS [728,200]
[728,200] P093 [732,200]
[732,200] CS [732,201]
[732,201] P036 [733,201]
[733,201] CS [733,202]
[733,202] P095 [735,202]
[735,202] CS [735,203]
[735,203] P037 [739,203]
[739,203] CS [739,204]
[739,204] P096 [743,204]
[743,204] CS [743,205]
[743,205] P097 [747,205]
[747,205] CS [747,206]
[747,206] P006 [750,206]
[750,206] CS [750,207]
[750,207] P098 [754,207]
[754,207] CS [754,208]
[754,208] P099 [758,208]
[758,208] CS [758,209]
[758,209] P038 [762,209]
[762,209] CS [762,210]
[762,210] P039 [766,210]
[766,210] CS [766,211]
[766,211] P043 [768,211]
[768,211] CS [768,212]
[768,212] P044 [772,212]
[772,212] CS [772,213]
[772,213] P045 [776,213]
[776,213] CS [776,214]
[776,214] P046 [780,214]
[780,214] CS [780,215]
[780,215] P018 [783,215]
[783,215] CS [783,216]
[783,216] P019 [787,216]
[787,216] CS [787,217]
[787,217] P050 [790,217]
[790,217] CS [790,218]
[790,218] P051 [794,218]
[794,218] CS [794,219]
[794,219] P052 [798,219]
[798,219] CS [798,220]
[798,220] P053 [802,220]
[802,220] CS [802,221]
[802,221] P056 [803,221]
[803,221] CS [803,222]
[803,222] P057 [807,222]
[807,222] CS [807,223]
[807,223] P058 [811,223]
[811,223] CS [811,224]
[811,224] P059 [815,224]
[815,224] CS [815,225]
[815,225] P024 [816,225]
[816,225] CS [816,226]
[816,226] P063 [818,226]
[818,226] CS [818,227]
[818,227] P025 [822,227]
[822,227] CS [822,228]
[822,228] P064 [826,228]
[826,228] CS [826,229]
[826,229] P065 [830,229]
[830,229] CS [830,230]
[830,230] P066 [834,230]
[834,230] CS [834,231]
[834,231] P026 [838,231]
[838,231] CS [838,232]
[838,232] P070 [841,232]
[841,232] CS [841,233]
[841,233] P071 [845,233]
[845,233] CS [845,234]
[845,234] P072 [849,234]
[849,234] CS [849,235]
[849,235] P073 [853,235]
[853,235] CS [853,236]
[853,236] P076 [854,236]
[854,236] CS [854,237]
[854,237] P077 [858,237]
[858,237] CS [858,238]
[858,238] P078 [862,238]
[862,238] CS [862,239]
[862,239] P079 [866,239]
[866,239] CS [866,240]
[866,240] P031 [868,240]
[868,240] CS [868,241]
[868,241] P012 [869,241]
[869,241] CS [869,242]
[869,242] P083 [871,242]
[871,242] CS [871,243]
[871,243] P084 [875,243]
[875,243] CS [875,244]
[875,244] P032 [879,244]
[879,244] CS [879,245]
[879,245] P085 [883,245]
[883,245] CS [883,246]
[883,246] P086 [887,246]
[887,246] CS [887,247]
[887,247] P033 [891,247]
[891,247] CS [891,248]
[891,248] P013 [895,248]
[895,248] CS [895,249]
[895,249] P090 [898,249]
[898,249] CS [898,250]
[898,250] P091 [902,250]
[902,250] CS [902,251]
[902,251] P092 [906,251]
[906,251] CS [906,252]
[906,252] P093 [910,252]
[910,252] CS [910,253]
[910,253] P096 [911,253]
[911,253] CS [911,254]
[911,254] P097 [915,254]
[915,254] CS [915,255]
[915,255] P098 [919,255]
[919,255] CS [919,256]
[919,256] P099 [923,256]
[923,256] CS [923,257]
[923,257] P038 [926,257]
[926,257] CS [926,258]
[926,258] P039 [930,258]
[930,258] CS [930,259]
[930,259] P044 [931,259]
[931,259] CS [931,260]
[931,260] P045 [935,260]
[935,260] CS [935,261]
[935,261] P046 [939,261]
[939,261] CS [939,262]
[939,262] P019 [941,262]
[941,262] CS [941,263]
[941,263] P051 [943,263]
[943,263] CS [943,264]
[943,264] P052 [947,264]
[947,264] CS [947,265]
[947,265] P053 [951,265]
[951,265] CS [951,266]
[951,266] P058 [954,266]
[954,266] CS [954,267]
[954,267] P059 [958,267]
[958,267] CS [958,268]
[958,268] P064 [959,268]
[959,268] CS [959,269]
[959,269] P065 [963,269]
[963,269] CS [963,270]
[963,270] P066 [967,270]
[967,270] CS [967,271]
[967,271] P026 [970,271]
[970,271] CS [970,272]
[970,272] P071 [972,272]
[972,272] CS [972,273]
[972,273] P072 [976,273]
[976,273] CS [976,274]
[976,274] P073 [980,274]
[980,274] CS [980,275]
[980,275] P078 [983,275]
[983,275] CS [983,276]
[983,276] P079 [987,276]
[987,276] CS [987,277]
[987,277] P084 [988,277]
[988,277] CS [988,278]
[988,278] P032 [989,278]
[989,278] CS [989,279]
[989,279] P085 [993,279]
[993,279] CS [993,280]
[993,280] P086 [997,280]
[997,280] CS [997,281]
[997,281] P033 [1001,281]
[1001,281] CS [1001,282]
[1001,282] P091 [1003,282]
[1003,282] CS [1003,283]
[1003,283] P092 [1007,283]
[1007,283] CS [1007,284]
[1007,284] P093 [1011,284]
[1011,284] CS [1011,285]
[1011,285] P098 [1014,285]
[1014,285] CS [1014,286]
[1014,286] P099 [1018,286]
[1018,286] CS [1018,287]
[1018,287] P039 [1020,287]
[1020,287] CS [1020,288]
[1020,288] P046 [1023,288]
[1023,288] CS [1023,289]
[1023,289] P052 [1024,289]
[1024,289] CS [1024,290]
[1024,290] P053 [1028,290]
[1028,290] CS [1028,291]
[1028,291] P059 [1030,291]
[1030,291] CS [1030,292]
[1030,292] P066 [1033,292]
[1033,292] CS [1033,293]
[1033,293] P072 [1034,293]
[1034,293] CS [1034,294]
[1034,294] P073 [1038,294]
[1038,294] CS [1038,295]
[1038,295] P079 [1040,295]
[1040,295] CS [1040,296]
[1040,296] P086 [1043,296]
[1043,296] CS [1043,297]
[1043,297] P092 [1044,297]
[1044,297] CS [1044,298]
[1044,298] P093 [1048,298]
[1048,298] CS [1048,299]
[1048,299] P099 [1050,299]

BEKLEME SURESI
Ortalama: 551,053
Maksimum: 926,287

TAMAMLANMA SURESI
Ortalama: 561,553
Maksimum: 944,287

IS TAMAMLAMA SAYISI
T=50 -> 3
T=100 -> 7
T=150 -> 10
T=200 -> 11

CPU VERIMLILIGI
99,97%

BAGLAM DEGISTIRME
Toplam: 299
