SJF (kesmesiz)

ZAMAN TABLOSU
[0,000] P001 [1,000]
[1,000] IDLE [2,000]
[2,000] CS [2,001]
[2,001] P002 [4,001]
[4,001] CS [4,002]
[4,002] P003 [7,002]
[7,002] CS [7,003]
[7,003] P004 [11,003]
[11,003] CS [11,004]
[11,004] P005 [16,004]
[16,004] CS [16,005]
[16,005] P006 [22,005]
[22,005] CS [22,006]
[22,006] P007 [29,006]
[29,006] CS [29,007]
[29,007] P008 [37,007]
[37,007] CS [37,008]
[37,008] P009 [46,008]
[46,008] CS [46,009]
[46,009] P021 [47,009]
[47,009] CS [47,010]
[47,010] P022 [49,010]
[49,010] CS [49,011]
[49,011] P023 [52,011]
[52,011] CS [52,012]
[52,012] P024 [56,012]
[56,012] CS [56,013]
[56,013] P025 [61,013]
[61,013] CS [61,014]
[61,014] P026 [67,014]
[67,014] CS [67,015]
[67,015] P027 [74,015]
[74,015] CS [74,016]
[74,016] P028 [82,016]
[82,016] CS [82,017]
[82,017] P041 [83,017]
[83,017] CS [83,018]
[83,018] P042 [85,018]
[85,018] CS [85,019]
[85,019] P043 [88,019]
[88,019] CS [88,020]
[88,020] P044 [92,020]
[92,020] CS [92,021]
[92,021] P045 [97,021]
[97,021] CS [97,022]
[97,022] P046 [103,022]
[103,022] CS [103,023]
[103,023] P047 [110,023]
[110,023] CS [110,024]
[110,024] P048 [118,024]
[118,024] CS [118,025]
[118,025] P029 [127,025]
[127,025] CS [127,026]
[127,026] P061 [128,026]
[128,026] CS [128,027]
[128,027] P062 [130,027]
[130,027] CS [130,028]
[130,028] P063 [133,028]
[133,028] CS [133,029]
[133,029] P064 [137,029]
[137,029] CS [137,030]
[137,030] P065 [142,030]
[142,030] CS [142,031]
[142,031] P066 [148,031]
[148,031] CS [148,032]
[148,032] P067 [155,032]
[155,032] CS [155,033]
[155,033] P068 [163,033]
[163,033] CS [163,034]
[163,034] P081 [164,034]
[164,034] CS [164,035]
[164,035] P082 [166,035]
[166,035] CS [166,036]
[166,036] P083 [169,036]
[169,036] CS [169,037]
[169,037] P084 [173,037]
[173,037] CS [173,038]
[173,038] P085 [178,038]
[178,038] CS [178,039]
[178,039] P086 [184,039]
[184,039] CS [184,040]
[184,040] P087 [191,040]
[191,040] CS [191,041]
[191,041] P088 [199,041]
[199,041] CS [199,042]
[199,042] P049 [208,042]
[208,042] CS [208,043]
[208,043] P101 [209,043]
[209,043] CS [209,044]
[209,044] P102 [211,044]
[211,044] CS [211,045]
[211,045] P103 [214,045]
[214,045] CS [214,046]
[214,046] P104 [218,046]
[218,046] CS [218,047]
[218,047] P105 [223,047]
[223,047] CS [223,048]
[223,048] P106 [229,048]
[229,048] CS [229,049]
[229,049] P107 [236,049]
[236,049] CS [236,050]
[236,050] P108 [244,050]
[244,050] CS [244,051]
[244,051] P121 [245,051]
[245,051] CS [245,052]
[245,052] P122 [247,052]
[247,052] CS [247,053]
[247,053] P123 [250,053]
[250,053] CS [250,054]
[250,054] P124 [254,054]
[254,054] CS [254,055]
[254,055] P125 [259,055]
[259,055] CS [259,056]
[259,056] P126 [265,056]
[265,056] CS [265,057]
[265,057] P127 [272,057]
[272,057] CS [272,058]
[272,058] P128 [280,058]
[280,058] CS [280,059]
[280,059] P141 [281,059]
[281,059] CS [281,060]
[281,060] P069 [290,060]
[290,060] CS [290,061]
[290,061] P142 [292,061]
[292,061] CS [292,062]
[292,062] P143 [295,062]
[295,062] CS [295,063]
[295,063] P144 [299,063]
[299,063] CS [299,064]
[299,064] P145 [304,064]
[304,064] CS [304,065]
[304,065] P146 [310,065]
[310,065] CS [310,066]
[310,066] P147 [317,066]
[317,066] CS [317,067]
[317,067] P148 [325,067]
[325,067] CS [325,068]
[325,068] P161 [326,068]
[326,068] CS [326,069]
[326,069] P162 [328,069]
[328,069] CS [328,070]
[328,070] P163 [331,070]
[331,070] CS [331,071]
[331,071] P164 [335,071]
[335,071] CS [335,072]
[335,072] P165 [340,072]
[340,072] CS [340,073]
[340,073] P166 [346,073]
[346,073] CS [346,074]
[346,074] P167 [353,074]
[353,074] CS [353,075]
[353,075] P168 [361,075]
[361,075] CS [361,076]
[361,076] P181 [362,076]
[362,076] CS [362,077]
[362,077] P182 [364,077]
[364,077] CS [364,078]
[364,078] P183 [367,078]
[367,078] CS [367,079]
[367,079] P184 [371,079]
[371,079] CS [371,080]
[371,080] P185 [376,080]
[376,080] CS [376,081]
[376,081] P186 [382,081]
[382,081] CS [382,082]
[382,082] P187 [389,082]
[389,082] CS [389,083]
[389,083] P188 [397,083]
[397,083] CS [397,084]
[397,084] P089 [406,084]
[406,084] CS [406,085]
[406,085] P109 [415,085]
[415,085] CS [415,086]
[415,086] P129 [424,086]
[424,086] CS [424,087]
[424,087] P149 [433,087]
[433,087] CS [433,088]
[433,088] P169 [442,088]
[442,088] CS [442,089]
[442,089] P189 [451,089]
[451,089] CS [451,090]
[451,090] P010 [461,090]
[461,090] CS [461,091]
[461,091] P030 [471,091]
[471,091] CS [471,092]
[471,092] P050 [481,092]
[481,092] CS [481,093]
[481,093] P070 [491,093]
[491,093] CS [491,094]
[491,094] P090 [501,094]
[501,094] CS [501,095]
[501,095] P110 [511,095]
[511,095] CS [511,096]
[511,096] P130 [521,096]
[521,096] CS [521,097]
[521,097] P150 [531,097]
[531,097] CS [531,098]
[531,098] P170 [541,098]
[541,098] CS [541,099]
[541,099] P190 [551,099]
[551,099] CS [551,100]
[551,100] P011 [562,100]
[562,100] CS [562,101]
[562,101] P031 [573,101]
[573,101] CS [573,102]
[573,102] P051 [584,102]
[584,102] CS [584,103]
[584,103] P071 [595,103]
[595,103] CS [595,104]
[595,104] P091 [606,104]
[606,104] CS [606,105]
[606,105] P111 [617,105]
[617,105] CS [617,106]
[617,106] P131 [628,106]
[628,106] CS [628,107]
[628,107] P151 [639,107]
[639,107] CS [639,108]
[639,108] P171 [650,108]
[650,108] CS [650,109]
[650,109] P191 [661,109]
[661,109] CS [661,110]
[661,110] P012 [673,110]
[673,110] CS [673,111]
[673,111] P032 [685,111]
[685,111] CS [685,112]
[685,112] P052 [697,112]
[697,112] CS [697,113]
[697,113] P072 [709,113]
[709,113] CS [709,114]
[709,114] P092 [721,114]
[721,114] CS [721,115]
[721,115] P112 [733,115]
[733,115] CS [733,116]
[733,116] P132 [745,116]
[745,116] CS [745,117]
[745,117] P152 [757,117]
[757,117] CS [757,118]
[757,118] P172 [769,118]
[769,118] CS [769,119]
[769,119] P192 [781,119]
[781,119] CS [781,120]
[781,120] P013 [794,120]
[794,120] CS [794,121]
[794,121] P033 [807,121]
[807,121] CS [807,122]
[807,122] P053 [820,122]
[820,122] CS [820,123]
[820,123] P073 [833,123]
[833,123] CS [833,124]
[833,124] P093 [846,124]
[846,124] CS [846,125]
[846,125] P113 [859,125]
[859,125] CS [859,126]
[859,126] P133 [872,126]
[872,126] CS [872,127]
[872,127] P153 [885,127]
[885,127] CS [885,128]
[885,128] P173 [898,128]
[898,128] CS [898,129]
[898,129] P193 [911,129]
[911,129] CS [911,130]
[911,130] P014 [925,130]
[925,130] CS [925,131]
[925,131] P034 [939,131]
[939,131] CS [939,132]
[939,132] P054 [953,132]
[953,132] CS [953,133]
[953,133] P074 [967,133]
[967,133] CS [967,134]
[967,134] P094 [981,134]
[981,134] CS [981,135]
[981,135] P114 [995,135]
[995,135] CS [995,136]
[995,136] P134 [1009,136]
[1009,136] CS [1009,137]
[1009,137] P154 [1023,137]
[1023,137] CS [1023,138]
[1023,138] P174 [1037,138]
[1037,138] CS [1037,139]
[1037,139] P194 [1051,139]
[1051,139] CS [1051,140]
[1051,140] P015 [1066,140]
[1066,140] CS [1066,141]
[1066,141] P035 [1081,141]
[1081,141] CS [1081,142]
[1081,142] P055 [1096,142]
[1096,142] CS [1096,143]
[1096,143] P075 [1111,143]
[1111,143] CS [1111,144]
[1111,144] P095 [1126,144]
[1126,144] CS [1126,145]
[1126,145] P115 [1141,145]
[1141,145] CS [1141,146]
[1141,146] P135 [1156,146]
[1156,146] CS [1156,147]
[1156,147] P155 [1171,147]
[1171,147] CS [1171,148]
[1171,148] P175 [1186,148]
[1186,148] CS [1186,149]
[1186,149] P195 [1201,149]
[1201,149] CS [1201,150]
[1201,150] P016 [1217,150]
[1217,150] CS [1217,151]
[1217,151] P036 [1233,151]
[1233,151] CS [1233,152]
[1233,152] P056 [1249,152]
[1249,152] CS [1249,153]
[1249,153] P076 [1265,153]
[1265,153] CS [1265,154]
[1265,154] P096 [1281,154]
[1281,154] CS [1281,155]
[1281,155] P116 [1297,155]
[1297,155] CS [1297,156]
[1297,156] P136 [1313,156]
[1313,156] CS [1313,157]
[1313,157] P156 [1329,157]
[1329,157] CS [1329,158]
[1329,158] P176 [1345,158]
[1345,158] CS [1345,159]
[1345,159] P196 [1361,159]
[1361,159] CS [1361,160]
[1361,160] P017 [1378,160]
[1378,160] CS [1378,161]
[1378,161] P037 [1395,161]
[1395,161] CS [1395,162]
[1395,162] P057 [1412,162]
[1412,162] CS [1412,163]
[1412,163] P077 [1429,163]
[1429,163] CS [1429,164]
[1429,164] P097 [1446,164]
[1446,164] CS [1446,165]
[1446,165] P117 [1463,165]
[1463,165] CS [1463,166]
[1463,166] P137 [1480,166]
[1480,166] CS [1480,167]
[1480,167] P157 [1497,167]
[1497,167] CS [1497,168]
[1497,168] P177 [1514,168]
[1514,168] CS [1514,169]
[1514,169] P197 [1531,169]
[1531,169] CS [1531,170]
[1531,170] P018 [1549,170]
[1549,170] CS [1549,171]
[1549,171] P038 [1567,171]
[1567,171] CS [1567,172]
[1567,172] P058 [1585,172]
[1585,172] CS [1585,173]
[1585,173] P078 [1603,173]
[1603,173] CS [1603,174]
[1603,174] P098 [1621,174]
[1621,174] CS [1621,175]
[1621,175] P118 [1639,175]
[1639,175] CS [1639,176]
[1639,176] P138 [1657,176]
[1657,176] CS [1657,177]
[1657,177] P158 [1675,177]
[1675,177] CS [1675,178]
[1675,178] P178 [1693,178]
[1693,178] CS [1693,179]
[1693,179] P198 [1711,179]
[1711,179] CS [1711,180]
[1711,180] P019 [1730,180]
[1730,180] CS [1730,181]
[1730,181] P039 [1749,181]
[1749,181] CS [1749,182]
[1749,182] P059 [1768,182]
[1768,182] CS [1768,183]
[1768,183] P079 [1787,183]
[1787,183] CS [1787,184]
[1787,184] P099 [1806,184]
[1806,184] CS [1806,185]
[1806,185] P119 [1825,185]
[1825,185] CS [1825,186]
[1825,186] P139 [1844,186]
[1844,186] CS [1844,187]
[1844,187] P159 [1863,187]
[1863,187] CS [1863,188]
[1863,188] P179 [1882,188]
[1882,188] CS [1882,189]
[1882,189] P199 [1901,189]
[1901,189] CS [1901,190]
[1901,190] P020 [1921,190]
[1921,190] CS [1921,191]
[1921,191] P040 [1941,191]
[1941,191] CS [1941,192]
[1941,192] P060 [1961,192]
[1961,192] CS [1961,193]
[1961,193] P080 [1981,193]
[1981,193] CS [1981,194]
[1981,194] P100 [2001,194]
[2001,194] CS [2001,195]
[2001,195] P120 [2021,195]
[2021,195] CS [2021,196]
[2021,196] P140 [2041,196]
[2041,196] CS [2041,197]
[2041,197] P160 [2061,197]
[2061,197] CS [2061,198]
[2061,198] P180 [2081,198]
[2081,198] CS [2081,199]
[2081,199] P200 [2101,199]

BEKLEME SURESI
Ortalama: 537,524
Maksimum: 1863,190

TAMAMLANMA SURESI
Ortalama: 548,024
Maksimum: 1883,190

IS TAMAMLAMA SAYISI
T=50 -> 11
T=100 -> 22
T=150 -> 32
T=200 -> 42

CPU VERIMLILIGI
99,94%

BAGLAM DEGISTIRME
Toplam: 199
